49.2
25.3
24.2
23.7
21.5
19.6
17.5
15
13.7
13
13
12.2
11.3
10.9
12.5
13.9
15.7
17.5
17.7
16.3
14.8
15.1
15.7
14.4
12.9
11.4
9.7
7.9
7.5
8.3
7.9
6.4
5.3
6.9
7.1
7.1
7.2
10.3
9.8
8.8
8.5
8.4
9.3
8
7.6
8
7.9
4.8
5.3
6
6.3
12.6
11.6
12.2
12.8
13.6
14.2
14.9
14.8
14.8
14.7
9.2
8.7
8
7.7
9.8
11.2
10.8
10.4
10.8
11.3
10.6
10.3
10
9.7
6.3
4.2
5.4
5.1
4.6
7.8
7.8
9
9
10.2
10.3
11.4
10
12.5
12.2
8.5
8.6
8.1
8.1
8.5
8.5
7.3
7.3
5
4.7
4.7
5.8
8
8.1
8.1
14.4
17.5
18.4
18.9
21.6
22.7
24.5
23.8
27.6
26.9
30.1
41
52.3
65.7
79.4
81.2
95.4
106.5
121.6
130.5
123.1
110.3
98.1
84.1
67.8
64.7
48.3
36
18.8
9.4
7.8
9
12.2
12.5
12.4
12.4
11.5
11.1
9.7
9.3
10.2
7.8
4.8
5.4
6.1
6.9
7.2
7
6.9
9.8
8.6
10.2
12.1
11.8
12.2
12.8
13.9
16
17.5
14.9
14.5
13.3
11.6
11.1
10.5
9.4
11.8
10
8.9
8.6
9.3
10.3
10.1
10
9.7
13.1
9.1
9.3
10
10.1
10.3
14.8
15.8
16.1
21.3
18.9
19.1
18.3
17.4
22.8
23.6
18.2
17.8
18.6
14
14.1
18.1
20.8
22.7
20.7
20.2
20
19.2
18.5
19.2
24.7
31.7
30.4
28.3
24.9
23.7
23.8
23.9
23.7
22.9
17.1
6.5
6.7
8.9
10.5
13.9
14.6
14.6
14.5
14.6
16.5
17.4
16.9
18
16.6
13.3
12.7
13.1
15.1
15.2
14.1
12.6
11.8
9.3
9.5
9.9
9.6
9.2
7.4
6.9
6.6
8.7
8.9
10.8
10.9
10.5
10.2
10.3
10.4
10.5
9.6
9
8.4
5.6
7.5
7.4
9
9.6
9.3
9.2
8.8
7.3
9.6
18.5
22.7
23.2
21.6
20.7
20.7
20.8
24.1
25.9
24.2
15.2
8.6
8.4
10.2
10.9
10.8
11.5
8.6
8.4
9.6
11.7
12.4
13.2
12.2
11.7
12.2
11.8
12.1
10.9
10.6
8.7
8.2
7
7
7.7
8.2
8.3
7.4
7.4
6.1
6.6
7
9.5
10.5
12.7
12
11.2
13.1
13.3
13.4
14.2
13.9
11.6
10.2
7.4
11.3
12.3
10.2
11.2
14.4
22.3
29.4
36
36.8
39.8
37.4
36.6
38
37.4
35.4
27.3
23
18.9
19.7
17.9
16.6
18.4
19.1
18.7
18.1
17.9
16
13.7
13.4
12.5
12.6
11
9.1
9
9.4
9.2
8.8
9.5
8.9
8.9
9.4
9.4
10.3
10.4
9.7
9.3
9.3
9.3
8.8
9.9
10
11.3
10.6
10.1
9.7
11.2
11
12.4
12.3
12
11.8
10.3
11.3
13.1
13.9
13.1
12.5
10.1
9.7
8.5
12.5
15
15.4
14.5
13.7
13
15.4
16.5
18.3
18.8
16.7
14.2
12.5
13.7
14.2
19.1
21.2
21.2
20.5
21.1
19.2
21.1
23.8
24.5
25.1
21.9
17.4
16.9
17.5
17.9
19.5
18.6
16.1
14
13.8
15
15
15.5
14.5
12.9
10.4
9.2
10.6
11.9
11.5
8.3
8.3
8.8
9.3
12.2
12.2
12.4
12
10
9.5
9.8
11.3
12.2
15
14.1
14
13.8
13.2
14.8
15.6
15.6
15.5
13.1
10.4
10.6
11.7
13.1
14.2
14
14.9
14.6
14
18.2
19.1
19.4
19.4
19.4
18.7
19.6
21.3
25.9
27.9
24
22.2
20.6
21.3
20.8
21
18.9
15.7
11.7
9.6
9.5
9.7
12
11.2
10.8
10.6
10.7
12.8
14
15.4
16.8
17.3
14.5
14.3
18.6
18.6
19.4
21.1
19.9
18.6
17.9
18.6
22.2
25.1
23.1
22.9
22.8
20.2
21.4
25.5
25.6
26
22.5
20.5
19.5
22.1
26.1
28.3
28.3
24
23.4
21.5
22.1
22.6
24.7
28.1
30.4
27.9
28.1
29.7
32.3
32.5
33.4
33.3
31.1
28.2
23.3
24
25.3
24.5
22.8
23.5
22.2
22.2
22.9
20.9
23.1
22.8
20.3
20.1
22.6
23.1
24.2
25.7
25.6
26
24.1
23.6
27.2
26.8
27.5
27.8
29.1
26.4
27.9
29.5
29.7
32.1
29.7
29.3
25.1
24.4
22.7
22.2
21.3
19
16.8
14
12.3
15.8
17
16.3
16.1
15.8
13
13.8
15.5
18.5
21
18.6
17.6
18.9
20.1
21.9
24
25
27
27.5
29.5
32.4
33.2
32.3
31.4
30
29.1
26.3
26.9
26.8
26.3
25.9
27.2
28.6
28.1
29.6
32.4
33.6
30.7
27.4
24.4
20.8
19
20
21.1
20.3
17.7
16.8
16.2
16.6
18.2
22.1
23.2
22.4
20.9
20.6
20.6
23.7
25
28.3
28.9
25.5
24.4
23.3
26.8
28
28.4
26.2
24.2
20.8
19.3
21
24.5
24.2
21.5
22.8
22.7
26.7
29.1
32.6
32.7
31.1
27.2
27.7
27.7
28.5
30.8
28.6
26.2
21.6
20.6
21.7
24.1
25.4
29.3
26.5
23.6
21.3
22.4
25.7
26.6
29
27.6
26.5
25.6
29
29.1
29.2
29.3
28.4
27.4
24.2
26.3
28
24.7
25.8
26.6
32.4
30.7
29.1
31.2
33
31.9
31.3
31.6
28.2
27.5
22.9
26.4
28.8
130.2
128.6
127.7
128.2
131.5
130.9
131.9
131.7
129.7
127.4
24.7
25.7
27.1
24.9
22.1
20.8
19.7
19
22.6
22.9
28.6
34.3
32.3
32.3
32.6
37.2
39.5
42.2
39.9
41.9
35.1
27.6
30.2
32.9
33.1
33.7
31.1
29
26.4
27.3
31.7
33.1
35.1
33.6
33.3
33.9
42.3
43.6
48.4
47.9
43.8
42.6
38.3
37.9
37.1
36.8
29
26.2
47.5
46.9
50.1
52.5
53.7
55.7
56
53.3
55.9
61.3
41.6
45.6
45
44.8
43.9
44.6
48.3
52
51.3
48.3
42.5
36.5
42.4
42.6
46.3
55.4
52
46.5
46
47.9
51
53.6
47.6
45.4
41.3
27.9
27.9
29.9
28.9
26.5
26.9
25.6
25.2
40.1
53.1
64.8
74.6
88.6
96.2
104.9
113.8
129
144.7
143.2
141.3
139.7
138.2
131
136.8
139.5
137.6
123.9
107.5
95.8
90.7
92.6
96
94.9
90.9
84.9
83.7
85
98.2
116
145.8
140.8
134.7
136.6
135.9
140.7
147.8
157
154.2
145.4
130.5
148.9
160.1
169.7
174.2
170.8
161.2
153
154.4
154
143.5
124.5
110.7
97.1
87.7
90.3
91.1
96.1
97.4
97.1
97.4
100.5
121.6
126.6
131.3
129.2
131.6
131.7
124.6
128.5
130.1
137.9
127.6
122
116.9
110.9
108.4
105.5
106.9
98.6
90.4
80.3
70.8
76.6
85.6
93.1
91.5
93.4
90.9
93.8
100.3
99
100
101.9
94.7
95.1
98.4
102.9
107
107.6
102.2
103.2
103.9
100.7
107
115
114.7
113.7
108.7
100.7
98.7
96.8
114.2
114.1
108.2
98.3
90.7
80.8
80.8
87.8
91.2
99.3
90.3
88.7
92.3
95.5
104.7
109.3
108.5
112.1
114.3
110.6
109
111
106.3
101.9
95.1
92.7
92
102.6
110.1
108.6
105.9
103.8
104.3
104.2
109.9
110.4
114.1
100.1
92.8
92.1
91.4
89.1
86.8
96.6
109.5
149.2
159.7
171.7
181
193.3
205.6
218.2
229.2
218.5
202.1
176.5
192.8
194.4
180.7
184.5
193.6
204.9
213
234.2
274.6
286.3
272.8
276.8
300.4
312.7
303.1
290.3
280.4
264.4
228.2
208.5
198.7
183.6
167.2
147.7
138.3
134.4
141.3
140.8
141.5
135.8
128.6
117.7
105.8
90.4
100.1
107.6
97.9
96.2
93.1
92.1
95.7
106.2
128.1
152.4
146.7
195.2
195.2
193.3
195.5
201
207.8
216.2
210
202.4
199.7
144.8
149.5
150.7
150.6
153.2
149.4
141.5
139.6
134.6
133.9
127.4
119.9
118.7
120.2
121
122.2
120.8
111.4
102.9
90.3
83.3
84.3
86.7
87
79.5
73.7
69.2
67.3
75.4
91.7
104
140.8
146.9
139.4
140.3
144.8
150.2
159.7
160.4
154.6
157.7
133.6
140.9
152
149.5
144.4
137.3
126.4
116.5
108.6
97.1
78.8
57.1
44.8
41.8
38.2
36.2
37.1
38.6
41.5
40.9
39.1
37.1
35
36.7
39.7
45.2
47.6
45.8
41.6
40.2
42.3
44.2
45.6
43.1
39.2
33
31
32.9
35.6
36.3
35.9
35.7
35.6
36.8
40.8
42.8
44.8
42.5
38.9
36.6
36.1
38.1
37.2
36.2
32.8
30.1
26.4
27.9
30.6
34.3
37.6
39.1
40.7
42.4
42
43.8
46.5
43.4
40.5
36.2
31.8
28.8
26.9
25.2
26.9
26.2
23.8
23.5
24.9
26.5
25.8
24.6
24.1
22.8
19.6
19.1
20.8
26.1
24.1
25.6
25.2
26.3
27.2
28.2
30.7
31.5
28.5
24.8
25
21.6
24.8
26.2
25.8
25.5
23.1
21.6
22.2
21.7
21.7
24.6
22.2
19.9
18.3
19.8
23.1
26.2
26.8
26.9
27.2
25.4
25.9
25.9
28.1
27.1
25.5
23.4
24.7
25.9
29.3
32.5
31.4
31
30.3
35.5
38.3
38.8
38.7
39.7
36
31.6
31.4
32.3
33.3
29.4
27.4
32
37
41
46.4
48.6
49.2
53.7
53
56.1
61.3
57.7
55.4
50.2
44.9
44.8
44.1
37.5
41.8
37.6
32.2
30.1
30.8
38.4
46.9
49.8
51.7
54
51.7
50.9
49.6
49.2
45.9
37.2
28.7
26.2
26.3
25.8
24.2
24.8
25.3
26.2
23.6
23
22.4
22.7
23.3
23.2
22.7
21.7
22.6
